 0.50873  0.08490  1
 0.96767  0.96752  1
 0.72096  0.90628  1
 0.66071  0.32757  1
 0.48690  0.58265  0
 0.11615  0.11651  0
 0.96285  0.04147  1
 0.49713  0.40790  1
 0.81338  0.66200  1
 0.33283  0.18644  0
 0.20404  0.15898  0
 0.12132  0.87918  1
 0.28933  0.19719  0
 0.31568  0.37738  0
 0.38419  0.85843  1
 0.90258  0.71793  1
 0.14711  0.30768  0
 0.49468  0.15358  1
 0.42371  0.59836  0
 0.10829  0.92602  1
 0.03338  0.05323  1
 0.15094  0.82922  1
 0.84601  0.52159  1
 0.79127  0.79412  1
 0.43705  0.26492  0
 0.26957  0.34353  0
 0.35942  0.57607  1
 0.19443  0.25223  0
 0.33089  0.13701  0
 0.29118  0.35955  0
 0.74649  0.97089  1
 0.00585  0.09924  1
 0.49441  0.68875  0
 0.23302  0.14259  0
 0.22127  0.22442  0
 0.26277  0.56038  1
 0.20386  0.93514  1
 0.53720  0.65641  0
 0.05198  0.26479  0
 0.59042  0.17800  1
 0.16733  0.44075  1
 0.96068  0.14079  1
 0.86732  0.36302  1
 0.18278  0.67140  1
 0.35018  0.26365  0
 0.26839  0.07788  0
 0.71069  0.05968  1
 0.65903  0.66481  0
 0.33832  0.44952  1
 0.58116  0.14166  1
 0.46136  0.61948  0
 0.53718  0.54618  0
 0.60002  0.48304  0
 0.19490  0.10616  0
 0.86198  0.29103  1
 0.23972  0.84196  1
 0.42747  0.56826  0
 0.78056  0.05815  1
 0.51456  0.37554  1
 0.54057  0.60186  0
 0.43481  0.03248  1
 0.18144  0.32271  0
 0.77351  0.60912  0
 0.76881  0.64110  0
 0.01603  0.19508  1
 0.89719  0.64206  1
 0.91212  0.24883  1
 0.72336  0.57936  0
 0.99321  0.35084  1
 0.28003  0.69611  1
 0.22441  0.83758  1
 0.72863  0.34190  1
 0.30306  0.17232  0
 0.39821  0.30661  0
 0.57864  0.02704  1
 0.95547  0.88637  1
 0.26978  0.25925  0
 0.76767  0.62820  0
 0.55611  0.45966  0
 0.36449  0.13182  0
 0.54937  0.43947  1
 0.12018  0.91013  1
 0.93624  0.06232  1
 0.02714  0.67636  1
 0.38353  0.45497  1
 0.36486  0.24689  0
 0.40939  0.09276  1
 0.34198  0.23117  0
 0.65452  0.28627  1
 0.44243  0.53492  0
 0.59398  0.13270  1
 0.24388  0.62828  1
 0.31244  0.09513  0
 0.61323  0.59306  0
 0.02862  0.77884  1
 0.20017  0.98399  1
 0.45414  0.56264  0
 0.13120  0.51373  1
 0.66699  0.30513  1
 0.60200  0.08742  1
 0.81417  0.63105  1
 0.17355  0.08130  0
 0.68531  0.61489  0
 0.78726  0.00938  1
 0.55195  0.53977  0
 0.22608  0.21474  0
 0.36854  0.80761  1
 0.48888  0.56632  0
 0.30239  0.21696  0
 0.66262  0.14639  1
 0.16336  0.43921  1
 0.77499  0.43625  1
 0.76866  0.22424  1
 0.38618  0.93369  1
 0.61025  0.84580  0
 0.03106  0.63257  1
 0.64335  0.52062  0
 0.81043  0.24064  1
 0.52377  0.47247  0
 0.13507  0.15111  0
 0.59366  0.47345  0
 0.92730  0.18732  1
 0.71799  0.08663  1
 0.99566  0.41202  1
 0.73155  0.76214  0
 0.05932  0.34209  1
 0.52080  0.95139  1
 0.07420  0.74555  1
 0.70710  0.21912  1
 0.36601  0.28362  0
 0.63952  0.81413  0
 0.84723  0.46215  1
 0.04511  0.06851  1
 0.58295  0.40104  1
 0.34836  0.52066  1
 0.37842  0.41672  1
 0.67056  0.78128  0
 0.12046  0.85076  1
 0.68874  0.96425  1
 0.05324  0.39084  1
 0.54443  0.59455  0
 0.43422  0.71867  0
 0.57990  0.78828  0
 0.51835  0.98764  1
 0.01273  0.97087  1
 0.09276  0.59810  1
 0.49720  0.55544  0
 0.44427  0.66881  0
 0.73782  0.90362  1
 0.84780  0.40933  1
 0.89262  0.49591  1
 0.63067  0.74061  0
 0.49938  0.67957  0
 0.18825  0.21888  0
 0.63601  0.50745  0
 0.35985  0.43266  1
 0.80607  0.74487  1
 0.19998  0.82097  1
 0.02921  0.48577  1
 0.60948  0.04810  1
 0.18559  0.32372  0
 0.73068  0.52236  0
 0.01556  0.32005  1
 0.58663  0.22944  1
 0.30478  0.21501  0
 0.52868  0.96364  1
 0.66075  0.15001  1
 0.25437  0.68751  1
 0.53730  0.20605  1
 0.75469  0.66958  0
 0.21823  0.10806  0
 0.60606  0.82691  0
 0.25877  0.42455  0
 0.57266  0.81977  0
 0.39801  0.86823  1
 0.38885  0.16352  0
 0.24924  0.21317  0
 0.54867  0.75865  0
 0.34198  0.02035  1
 0.64209  0.82608  0
 0.32343  0.09399  0
 0.03955  0.65665  1
 0.20220  0.03264  1
 0.67323  0.66945  0
 0.51558  0.02639  1
 0.30203  0.35407  0
 0.55909  0.25970  1
 0.87639  0.48110  1
 0.11564  0.84934  1
 0.54227  0.98290  1
 0.18390  0.39926  0
 0.87590  0.75172  1
 0.18868  0.20712  0
 0.20828  0.48904  1
 0.75112  0.56526  0
 0.69292  0.52281  0
 0.35804  0.55877  1
 0.10050  0.99580  1
 0.25533  0.98084  1
 0.59871  0.49509  0
 0.37538  0.03318  1
 0.59802  0.66227  0
 0.32573  0.12016  0
 0.43417  0.24460  0
 0.02749  0.88959  1
 0.25932  0.32142  0
 0.19944  0.09573  0
 0.78274  0.57949  0
 0.44381  0.25121  0
 0.82827  0.27419  1
 0.70872  0.71145  0
 0.53528  0.34202  1
 0.34457  0.43764  1
 0.44607  0.64167  0
 0.74926  0.69682  0
 0.79520  0.67495  0
 0.18216  0.31707  0
 0.67304  0.51399  0
 0.30072  0.79633  1
 0.37101  0.25655  0
 0.37022  0.75848  1
 0.70565  0.71692  0
 0.78133  0.65785  0
 0.17291  0.68250  1
 0.86900  0.22036  1
 0.11780  0.43361  1
 0.62841  0.84059  0
 0.43009  0.82813  1
 0.60982  0.67414  0
 0.26379  0.97426  1
 0.11534  0.98166  1
 0.95614  0.27474  1
 0.15798  0.09721  0
 0.75462  0.15967  1
 0.84912  0.21087  1
 0.42338  0.16588  0
 0.67196  0.94422  1
 0.11311  0.53179  1
 0.99803  0.92305  1
 0.95482  0.80308  1
 0.89865  0.40435  1
 0.01506  0.16100  1
 0.12186  0.15840  0
 0.20059  0.50795  1
 0.57419  0.51519  0
 0.28851  0.88580  1
 0.19435  0.13516  0
 0.09857  0.89912  1
 0.77147  0.97441  1
 0.55157  0.58849  0
 0.00322  0.28931  1
 0.78153  0.65596  0
 0.29575  0.93696  1
 0.66308  0.13740  1
 0.16486  0.12819  0
 0.02671  0.04288  1
 0.17868  0.37242  0
 0.45854  0.44470  1
 0.85912  0.92519  1
 0.77985  0.88100  1
 0.84539  0.35355  1
 0.81593  0.43326  1
 0.29219  0.09960  0
 0.11693  0.58680  1
 0.61761  0.33442  1
 0.35761  0.60642  1
 0.55155  0.11167  1
 0.53165  0.68698  0
 0.45550  0.52148  0
 0.24088  0.12480  0
 0.15130  0.13314  0
 0.35404  0.71436  1
 0.46271  0.88246  1
 0.34418  0.21051  0
 0.73132  0.07127  1
 0.16711  0.10103  0
 0.61629  0.82772  0
 0.54437  0.73854  0
 0.74537  0.73305  0
 0.20924  0.63827  1
 0.38359  0.85881  1
 0.77128  0.41276  1
 0.72778  0.54905  0
 0.41294  0.28948  0
 0.69112  0.67696  0
 0.13665  0.35855  0
 0.52910  0.21793  1
 0.74851  0.66122  0
 0.65150  0.62203  0
 0.59450  0.29096  1
 0.20909  0.13322  0
 0.72707  0.03760  1
 0.47513  0.73338  0
 0.06341  0.22820  0
 0.11613  0.34401  0
 0.41614  0.82116  1
 0.93369  0.09686  1
 0.56538  0.11667  1
 0.71587  0.44533  1
 0.73684  0.64113  0
 0.11497  0.03971  1
 0.61715  0.02896  1
 0.05409  0.51956  1
 0.61364  0.19745  1
 0.02893  0.17012  1
 0.30850  0.77629  1
 0.15566  0.20762  0
 0.01898  0.04023  1
 0.53842  0.54427  0
 0.22161  0.12793  0
 0.15018  0.21903  0
 0.70704  0.60699  0
 0.24765  0.04027  1
 0.18322  0.18319  0
 0.13567  0.13739  0
 0.14970  0.18225  0
 0.22073  0.96142  1
 0.66683  0.80894  0
 0.19679  0.19175  0
 0.43633  0.01919  1
 0.09289  0.01630  1
 0.66204  0.09654  1
 0.94332  0.27407  1
 0.69812  0.35794  1
 0.74567  0.30934  1
 0.60057  0.08704  1
 0.44570  0.28199  0
 0.63905  0.62706  0
 0.57342  0.83139  0
 0.16464  0.24926  0
 0.66195  0.74874  0
 0.37820  0.25513  0
 0.49513  0.15622  1
 0.30045  0.17563  0
 0.52232  0.39074  1
 0.99600  0.44395  1
 0.28661  0.38458  0
 0.29060  0.08677  0
 0.10975  0.18047  0
 0.16319  0.27173  0
 0.62390  0.37316  1
 0.24701  0.11231  0
 0.03943  0.01504  1
 0.20763  0.68742  1
 0.49939  0.75443  0
 0.98608  0.37606  1
 0.19509  0.76884  1
 0.62931  0.46440  0
 0.57546  0.50011  0
 0.00319  0.40613  1
 0.04780  0.61535  1
 0.70918  0.76821  0
 0.16183  0.33889  0
 0.08308  0.75061  1
 0.37517  0.57547  1
 0.17778  0.14581  0
 0.48250  0.41844  1
 0.99519  0.37875  1
 0.72053  0.06755  1
 0.80202  0.33306  1
 0.74920  0.50282  1
 0.41370  0.96368  1
 0.60101  0.15003  1
 0.03858  0.38797  1
 0.45664  0.65562  0
 0.85705  0.10853  1
 0.86482  0.15366  1
 0.09911  0.40704  1
 0.06102  0.73481  1
 0.08830  0.53480  1
 0.95169  0.13662  1
 0.73425  0.15681  1
 0.80691  0.28470  1
 0.62740  0.47150  0
 0.81030  0.54813  1
 0.83605  0.53891  1
 0.17076  0.95774  1
 0.14048  0.94530  1
 0.22585  0.60606  1
 0.30228  0.16346  0
 0.75474  0.57874  0
 0.33087  0.10472  0
 0.84107  0.84757  1
 0.36145  0.81252  1
 0.75837  0.59371  0
 0.60156  0.20682  1
 0.65532  0.92262  1
 0.82900  0.02521  1
 0.27095  0.06002  0
 0.61010  0.31880  1
 0.88371  0.48599  1
 0.58217  0.05977  1
 0.13761  0.21579  0
 0.31332  0.29589  0
 0.70684  0.47459  1
 0.25986  0.22911  0
 0.89657  0.21308  1
 0.72924  0.10579  1
 0.18598  0.44123  1
 0.59496  0.27222  1
 0.17293  0.32212  0
 0.19977  0.80817  1
 0.46448  0.01870  1
 0.09344  0.74249  1
 0.91700  0.88042  1
 0.18568  0.42977  0
 0.68490  0.42168  1
 0.49579  0.54943  0
 0.69100  0.99611  1
 0.17793  0.24469  0
 0.15373  0.85291  1
 0.90236  0.12764  1
 0.13982  0.70024  1
 0.78336  0.32905  1
 0.28284  0.08125  0
 0.87751  0.88794  1
 0.78831  0.66126  0
 0.94765  0.34194  1
 0.67410  0.56075  0
 0.77253  0.04750  1
 0.91908  0.79891  1
 0.52285  0.41814  1
 0.25062  0.36484  0
 0.66183  0.97485  1
 0.71159  0.78243  0
 0.51256  0.35504  1
 0.37275  0.09929  0
 0.73409  0.19601  1
 0.95547  0.10960  1
 0.93221  0.10080  1
 0.11484  0.97594  1
 0.40923  0.77590  1
 0.72000  0.70219  0
 0.69382  0.61544  0
 0.10009  0.86689  1
 0.52754  0.55468  0
 0.15189  0.77678  1
 0.16841  0.69950  1
 0.60423  0.19200  1
 0.67942  0.46500  1
 0.11069  0.93154  1
 0.46939  0.59623  0
 0.17841  0.27077  0
 0.36797  0.08666  1
 0.13611  0.71313  1
 0.75769  0.35179  1
 0.55595  0.20619  1
 0.90547  0.60820  1
 0.64556  0.20530  1
 0.00976  0.60027  1
 0.32885  0.15819  0
 0.88421  0.31181  1
 0.56159  0.61679  0
 0.91563  0.93881  1
 0.32126  0.37691  0
 0.73277  0.24175  1
 0.73867  0.75364  0
 0.18134  0.63052  1
 0.24731  0.33528  0
 0.19033  0.58357  1
 0.06529  0.90465  1
 0.54516  0.55131  0
 0.10232  0.20738  0
 0.51375  0.04445  1
 0.52131  0.33114  1
 0.87132  0.45431  1
 0.40979  0.13475  0
 0.44045  0.07315  1
 0.72095  0.59786  0
 0.28145  0.98279  1
 0.71322  0.43760  1
 0.27739  0.40065  0
 0.12398  0.65517  1
 0.63287  0.47174  0
 0.45813  0.33519  1
 0.42316  0.19820  0
 0.17805  0.25713  0
 0.71225  0.48183  1
 0.57307  0.92359  1
 0.21965  0.32129  0
 0.21980  0.33395  0
 0.56982  0.54313  0
 0.32839  0.27659  0
 0.05615  0.97759  1
 0.18556  0.12946  0
 0.95187  0.86723  1
 0.73269  0.58351  0
 0.83659  0.68871  1
 0.17576  0.96061  1
 0.70347  0.97286  1
 0.39940  0.48182  1
 0.88798  0.50378  1
 0.16509  0.84597  1
 0.18587  0.44458  1
 0.11565  0.22430  0
 0.72248  0.22357  1
 0.42713  0.61116  0
 0.75331  0.76103  0
 0.81287  0.75762  1
 0.19812  0.27085  0
 0.62746  0.47724  0
 0.76517  0.54110  0
 0.51480  0.62444  0
 0.29109  0.44557  0
 0.26542  0.37958  0
 0.21043  0.41392  0
 0.98471  0.47671  1
 0.83519  0.20666  1
 0.01811  0.16737  1
 0.27873  0.77235  1
 0.26063  0.84559  1
 0.55873  0.63117  0
 0.00269  0.04730  1
 0.44084  0.94501  1
 0.83672  0.97031  1
 0.73327  0.70638  0
 0.09492  0.76747  1
 0.22763  0.55406  1
 0.19527  0.18724  0
 0.31469  0.48590  1
 0.48951  0.63875  0
 0.94954  0.55898  1
 0.79030  0.81081  1
 0.47605  0.97746  1
 0.66074  0.98483  1
 0.90366  0.48494  1
 0.52262  0.29152  1
 0.85455  0.30300  1
 0.28569  0.60321  1
 0.46948  0.42403  1
 0.07480  0.50052  1
 0.07363  0.97707  1
 0.54358  0.47771  0
 0.71807  0.83256  1
 0.69108  0.55123  0
 0.07808  0.77164  1
 0.12308  0.32911  0
 0.45447  0.74757  0
 0.68302  0.08805  1
 0.91641  0.41342  1
 0.62518  0.47931  0
 0.65802  0.31526  1
 0.52199  0.03783  1
 0.64593  0.79803  0
 0.95050  0.75467  1
 0.62288  0.28642  1
 0.13280  0.05447  1
 0.84506  0.78764  1
 0.62868  0.72787  0
 0.27469  0.21886  0
 0.22312  0.62758  1
 0.76561  0.75087  0
 0.91803  0.99195  1
 0.32281  0.65380  1
 0.96346  0.31384  1
 0.24405  0.36921  0
 0.95892  0.98856  1
 0.59473  0.29123  1
 0.65011  0.13813  1
 0.34205  0.18531  0
 0.96907  0.32875  1
 0.75802  0.07738  1
 0.60780  0.60140  0
 0.99613  0.01834  1
 0.07478  0.50843  1
 0.18313  0.10499  0
 0.18667  0.21754  0
 0.48245  0.69385  0
 0.99501  0.54155  1
 0.39805  0.54973  1
 0.63485  0.47667  0
 0.50193  0.70142  0
 0.38042  0.74524  1
 0.50673  0.72125  0
 0.86888  0.55055  1
 0.47009  0.39745  1
 0.76049  0.44933  1
 0.32558  0.33903  0
 0.58778  0.98355  1
 0.55735  0.51849  0
 0.33187  0.19547  0
 0.12508  0.26986  0
 0.24077  0.31949  0
 0.72362  0.27463  1
 0.67677  0.25923  1
 0.00714  0.40075  1
 0.47565  0.26256  1
 0.06199  0.81957  1
 0.09511  0.66773  1
 0.18234  0.04628  1
 0.60240  0.54725  0
 0.20375  0.39392  0
 0.44019  0.81498  1
 0.94262  0.18381  1
 0.97000  0.03022  1
 0.77091  0.93486  1
 0.21255  0.17508  0
 0.51661  0.81803  0
 0.12721  0.21579  0
 0.06410  0.53684  1
 0.03686  0.56188  1
 0.59086  0.46860  0
 0.16630  0.11693  0
 0.35063  0.06782  1
 0.54161  0.70671  0
 0.10934  0.19554  0
 0.93579  0.60657  1
 0.71553  0.68589  0
 0.28518  0.25352  0
 0.59602  0.55477  0
 0.86006  0.49950  1
 0.41807  0.71148  0
 0.28341  0.70695  1
 0.28198  0.68838  1
 0.21755  0.44523  0
 0.59189  0.09451  1
 0.96614  0.80246  1
 0.82915  0.95747  1
 0.70678  0.60866  0
 0.98120  0.88993  1
 0.72479  0.20120  1
 0.54353  0.70568  0
 0.45932  0.76007  0
 0.91586  0.15297  1
 0.37696  0.54211  1
 0.28387  0.83800  1
 0.12383  0.54084  1
 0.80847  0.85932  1
 0.98003  0.46431  1
 0.71302  0.73931  0
 0.41248  0.95141  1
 0.81032  0.42520  1
 0.50692  0.24602  1
 0.24517  0.38836  0
 0.48752  0.66049  0
 0.25627  0.62631  1
 0.04725  0.68682  1
 0.60443  0.75060  0
 0.97187  0.41430  1
 0.85088  0.63960  1
 0.26050  0.95415  1
 0.08643  0.52542  1
 0.48039  0.78105  0
 0.66416  0.10057  1
 0.02268  0.16198  1
 0.55551  0.97678  1
 0.35549  0.27877  0
 0.75927  0.30949  1
 0.07773  0.61657  1
 0.65687  0.53754  0
 0.39089  0.78605  1
 0.34747  0.05154  1
 0.45995  0.69512  0
 0.16294  0.71104  1
 0.09525  0.78972  1
 0.62695  0.80937  0
 0.46218  0.11056  1
 0.61052  0.61417  0
 0.77730  0.63508  0
 0.61192  0.84792  0
 0.53909  0.27016  1
 0.17249  0.27428  0
 0.21885  0.60095  1
 0.48241  0.01072  1
 0.34607  0.07350  1
 0.10704  0.22498  0
 0.66239  0.24379  1
 0.86642  0.14051  1
 0.69623  0.19810  1
 0.46620  0.21707  1
 0.20689  0.43265  0
 0.27544  0.73167  1
 0.54655  0.01148  1
 0.14899  0.79440  1
 0.79554  0.67437  0
 0.53860  0.65632  0
 0.63461  0.95853  1
 0.24721  0.32254  0
 0.21153  0.38973  0
 0.43436  0.40592  1
 0.70571  0.70166  0
 0.48983  0.47468  1
 0.97078  0.76618  1
 0.51019  0.56845  0
 0.78473  0.46923  1
 0.64576  0.46240  0
 0.64069  0.23988  1
 0.90804  0.08098  1
 0.39403  0.73750  1
 0.24937  0.07626  0
 0.40682  0.65679  0
 0.41320  0.95937  1
 0.29975  0.70707  1
 0.14278  0.14520  0
 0.93687  0.70781  1
 0.55863  0.22285  1
 0.47241  0.39516  1
 0.32209  0.91233  1
 0.75777  0.30989  1
 0.71251  0.75417  0
 0.66494  0.43857  1
 0.71376  0.54406  0
 0.59673  0.45856  0
 0.46993  0.72225  0
 0.04375  0.88324  1
 0.71526  0.45417  1
 0.52020  0.51707  0
 0.30490  0.07105  0
 0.18523  0.09551  0
 0.67037  0.25928  1
 0.66307  0.66612  0
 0.26178  0.75096  1
 0.25535  0.33492  0
 0.57106  0.48806  0
 0.75714  0.75785  0
 0.89317  0.30014  1
 0.47597  0.92108  1
 0.09044  0.80600  1
 0.67856  0.64682  0
 0.19890  0.88335  1
 0.48876  0.74702  0
 0.46253  0.52863  0
 0.73552  0.88958  1
 0.69768  0.88058  1
 0.29348  0.32429  0
 0.93883  0.12585  1
 0.02550  0.39685  1
 0.48581  0.19800  1
 0.06754  0.02985  1
 0.57667  0.12383  1
 0.73910  0.91274  1
 0.58624  0.98267  1
 0.60495  0.14181  1
 0.50372  0.77640  0
 0.76765  0.58257  0
 0.59668  0.97043  1
 0.08987  0.81365  1
 0.31385  0.27640  0
 0.45556  0.94922  1
 0.61578  0.53499  0
 0.41835  0.85841  1
 0.16674  0.34029  0
 0.40919  0.00943  1
 0.63985  0.05714  1
 0.71509  0.98203  1
 0.30296  0.31748  0
 0.62263  0.41039  1
 0.83091  0.03042  1
 0.96995  0.84801  1
 0.54215  0.51170  0
 0.48529  0.77542  0
 0.41380  0.06607  1
 0.69029  0.36536  1
 0.34552  0.30485  0
 0.34526  0.81054  1
 0.38551  0.20880  0
 0.74649  0.53884  0
 0.17942  0.26983  0
 0.47607  0.99033  1
 0.17094  0.14077  0
 0.77376  0.51692  1
 0.46730  0.41385  1
 0.98195  0.87358  1
 0.34426  0.44958  1
 0.97550  0.08829  1
 0.91795  0.96184  1
 0.96873  0.02149  1
 0.01759  0.04283  1
 0.57977  0.82479  0
 0.57934  0.86080  1
 0.06812  0.41731  1
 0.73667  0.66185  0
 0.71638  0.11056  1
 0.29324  0.44820  1
 0.50883  0.58647  0
 0.50494  0.24352  1
 0.72241  0.74770  0
 0.29847  0.03473  1
 0.39847  0.14152  0
 0.53758  0.32211  1
 0.15313  0.18213  0
 0.13212  0.33648  0
 0.35240  0.15654  0
 0.69174  0.25613  1
 0.29102  0.74825  1
 0.13347  0.91787  1
 0.31115  0.53889  1
 0.56979  0.73498  0
 0.57774  0.77138  0
 0.51825  0.80069  0
 0.20642  0.86336  1
 0.89692  0.97868  1
 0.36159  0.54627  1
 0.36685  0.18694  0
 0.88674  0.97583  1
 0.47914  0.15775  1
 0.27128  0.11439  0
 0.38751  0.55847  1
 0.68899  0.58107  0
 0.62471  0.84161  0
 0.97792  0.55152  1
 0.89895  0.66727  1
 0.26844  0.52250  1
 0.19881  0.23217  0
 0.33296  0.52650  1
 0.55170  0.53214  0
 0.68507  0.60606  0
 0.12579  0.74998  1
 0.31421  0.05458  1
 0.16507  0.94528  1
 0.86454  0.42375  1
 0.52149  0.90228  1
 0.47996  0.36529  1
 0.66885  0.59923  0
 0.57096  0.45902  0
 0.19395  0.57223  1
 0.74357  0.74479  0
 0.86660  0.39732  1
 0.73357  0.49794  1
 0.19125  0.90994  1
 0.06994  0.80826  1
 0.18679  0.73539  1
 0.81091  0.17406  1
 0.01701  0.95518  1
 0.97930  0.48253  1
 0.43061  0.35066  1
 0.15244  0.59474  1
 0.48519  0.79518  0
 0.25279  0.38070  0
 0.27401  0.20633  0
 0.63183  0.40183  1
 0.81564  0.59755  1
 0.78726  0.67445  0
 0.40916  0.49064  1
 0.74292  0.78911  0
 0.19295  0.27457  0
 0.05702  0.97643  1
 0.92806  0.10405  1
 0.18093  0.74517  1
 0.10333  0.21074  0
 0.15836  0.84234  1
 0.27926  0.85676  1
 0.37834  0.20873  0
 0.38089  0.35613  0
 0.86319  0.83248  1
 0.43470  0.71628  0
 0.28821  0.17036  0
 0.21961  0.88965  1
 0.73897  0.62011  0
 0.01533  0.51264  1
 0.10437  0.57040  1
 0.27133  0.19693  0
 0.74370  0.57642  0
 0.63983  0.96385  1
 0.89105  0.73275  1
 0.56817  0.81177  0
 0.83759  0.39315  1
 0.76343  0.44488  1
 0.44469  0.24720  0
 0.42379  0.34373  0
 0.03239  0.56323  1
 0.38847  0.92630  1
 0.71131  0.86398  1
 0.28795  0.28055  0
 0.12371  0.14787  0
 0.58485  0.00572  1
 0.06069  0.14485  1
 0.26879  0.01986  1
 0.64450  0.85424  1
 0.40699  0.75123  1
 0.58028  0.66928  0
 0.23535  0.10047  0
 0.89948  0.30692  1
 0.58569  0.64811  0
 0.18327  0.73575  1
 0.46073  0.31904  1
 0.63312  0.32544  1
 0.74370  0.59784  0
 0.21456  0.16851  0
 0.38146  0.37867  0
 0.51977  0.47424  0
 0.88979  0.77056  1
 0.96895  0.98348  1
 0.50092  0.62616  0
 0.48373  0.89007  1
 0.89183  0.90399  1
 0.71429  0.63918  0
 0.49918  0.31079  1
 0.04820  0.81838  1
 0.66646  0.34028  1
 0.87214  0.62171  1
 0.55696  0.62909  0
 0.18235  0.23265  0
 0.22267  0.51091  1
 0.81422  0.41690  1
 0.81569  0.94042  1
 0.10848  0.19848  0
 0.49852  0.48922  0
 0.13569  0.48457  1
 0.55247  0.48628  0
 0.82682  0.86858  1
 0.99152  0.56592  1
 0.82194  0.58000  1
 0.74894  0.50444  1
 0.13652  0.36349  0
 0.86230  0.26787  1
 0.57127  0.11311  1
 0.09196  0.27580  0
 0.21999  0.29187  0
 0.52254  0.04731  1
 0.08503  0.27752  0
 0.02537  0.20807  1
 0.69780  0.14056  1
 0.73168  0.96169  1
 0.51646  0.69913  0
 0.60943  0.13092  1
 0.91003  0.35019  1
 0.61527  0.18410  1
 0.92583  0.60940  1
 0.16627  0.64619  1
 0.71241  0.24659  1
 0.93541  0.46332  1
 0.58785  0.91469  1
 0.27667  0.11131  0
 0.34985  0.63265  1
 0.49794  0.02578  1
 0.62360  0.68319  0
 0.68878  0.57450  0
 0.84915  0.69109  1
 0.20371  0.02197  1
 0.69682  0.06116  1
 0.56272  0.14745  1
 0.22246  0.08329  0
 0.24213  0.06733  0
 0.55449  0.73436  0
 0.71133  0.83281  1
 0.39340  0.16114  0
 0.14681  0.26197  0
 0.30335  0.17458  0
 0.82168  0.16636  1
 0.19859  0.14947  0
 0.88490  0.49268  1
 0.36119  0.56187  1
 0.77039  0.30003  1
 0.13203  0.92269  1
 0.35781  0.94785  1
 0.74752  0.66676  0
 0.69909  0.03963  1
 0.65271  0.50501  0
 0.44834  0.62831  0
 0.39001  0.26960  0
 0.97772  0.41529  1
 0.12465  0.78841  1
 0.24726  0.06153  0
 0.41624  0.45106  1
 0.56859  0.63304  0
 0.44985  0.15881  1
 0.33508  0.14180  0
 0.55310  0.53780  0
 0.36566  0.32794  0
 0.70150  0.28610  1
 0.48557  0.50653  0
 0.74902  0.61516  0
 0.16475  0.47880  1
 0.74114  0.62988  0
 0.26853  0.40694  0
 0.80099  0.90614  1
 0.98793  0.94487  1
 0.41653  0.70231  0
 0.11268  0.32093  0
 0.09996  0.11711  1
 0.19584  0.13732  0
 0.66281  0.53895  0
 0.64432  0.36338  1
 0.01327  0.65881  1
 0.61685  0.54541  0
 0.28712  0.14183  0
 0.63390  0.46000  0
 0.22462  0.03470  1
 0.76284  0.58024  0
 0.69365  0.78856  0
 0.04534  0.95768  1
 0.41686  0.55556  1
 0.86313  0.03142  1
 0.47423  0.74050  0
 0.22004  0.17547  0
 0.66173  0.99702  1
 0.00620  0.81871  1
 0.25908  0.40542  0
 0.93753  0.07292  1
 0.63857  0.72751  0
 0.38253  0.50588  1
 0.79046  0.77617  1
 0.86120  0.99166  1
 0.30120  0.83253  1
 0.20894  0.65915  1
 0.27215  0.25775  0
 0.77493  0.51261  1
 0.37803  0.18148  0
 0.18082  0.33475  0
 0.04525  0.41412  1
 0.17201  0.07228  0
 0.91141  0.32243  1
 0.41070  0.24159  0
 0.36041  0.90388  1
 0.12026  0.35684  0
 0.80426  0.25925  1
 0.97084  0.26592  1
 0.92218  0.98585  1
 0.39475  0.00631  1
 0.91653  0.80688  1
 0.77660  0.42208  1
 0.06567  0.30182  0
 0.66408  0.56140  0
 0.65685  0.37240  1
 0.03251  0.13949  1
 0.42447  0.07025  1
 0.38680  0.12445  0
 0.46582  0.99178  1
 0.42854  0.17049  0
 0.32198  0.27457  0
 0.32670  0.29117  0
 0.63125  0.44367  1
 0.80347  0.30600  1
 0.88918  0.83895  1
 0.28061  0.18140  0
 0.13764  0.11400  0
 0.87881  0.75367  1
 0.47524  0.07200  1
 0.87027  0.42824  1
 0.38305  0.17283  0
 0.63271  0.16927  1
 0.96324  0.60205  1
 0.84036  0.13310  1
 0.63416  0.50560  0
 0.95369  0.31168  1
 0.12175  0.41759  1
 0.93635  0.24292  1
 0.64437  0.64471  0
 0.32019  0.15456  0
 0.59598  0.10616  1
 0.43108  0.87513  1
 0.83565  0.29916  1
 0.26993  0.21944  0
 0.49796  0.67058  0
 0.32405  0.37324  0
 0.02425  0.56849  1
 0.37947  0.65884  1
 0.28722  0.36815  0
 0.94222  0.06949  1
 0.62800  0.67828  0
 0.99636  0.69074  1
 0.37350  0.18857  0
 0.37622  0.76323  1
 0.16548  0.31485  0
 0.39712  0.24619  0
 0.28800  0.28666  0
 0.65144  0.67832  0
 0.82588  0.65297  1
 0.47706  0.12284  1
 0.52610  0.06351  1
 0.33847  0.45059  1
 0.85496  0.68080  1
 0.50668  0.50145  0
 0.68731  0.06023  1
 0.06227  0.50011  1
 0.34077  0.90164  1
 0.66940  0.49340  0
 0.60608  0.40101  1
 0.69028  0.11493  1
 0.46011  0.03732  1
 0.09096  0.83151  1
 0.53951  0.52311  0
 0.74906  0.56107  0
 0.78558  0.02916  1
 0.86104  0.56067  1
 0.81178  0.81850  1
 0.63829  0.52632  0
 0.65091  0.91532  1
 0.69332  0.71441  0
 0.09580  0.71421  1
 0.67885  0.77549  0
 0.83590  0.64797  1
 0.00685  0.49178  1
 0.51964  0.09035  1
 0.03874  0.17201  1
 0.77525  0.51601  1
 0.93325  0.08389  1
 0.30744  0.91955  1
 0.47251  0.41133  1
 0.95045  0.49374  1
 0.25678  0.51410  1
 0.34850  0.18560  0
 0.95440  0.71917  1
 0.53034  0.00168  1
 0.58317  0.34824  1
 0.43061  0.01939  1
 0.20098  0.94161  1
 0.03014  0.99285  1
 0.35228  0.83459  1
 0.07725  0.27819  0
 0.36116  0.00068  1
 0.35713  0.21396  0
 0.86910  0.22634  1
 0.36024  0.96204  1
 0.27119  0.50082  1
 0.63170  0.44475  1
 0.63588  0.60964  0
 0.87099  0.13670  1
 0.82924  0.18125  1
 0.28016  0.51338  1
 0.23657  0.82275  1
 0.19615  0.40104  0
 0.65680  0.36643  1
 0.95291  0.19179  1
 0.14293  0.14946  0
 0.14877  0.31717  0
 0.41408  0.45856  1
 0.45909  0.43432  1
 0.04738  0.80298  1
 0.42790  0.31932  0
 0.58755  0.64434  0
 0.94935  0.38376  1
 0.25628  0.70903  1
 0.82584  0.39504  1
 0.47669  0.59797  0
 0.88564  0.06103  1
 0.24946  0.26613  0
 0.22391  0.46354  1
 0.55496  0.63841  0
 0.01209  0.39392  1
 0.45864  0.03178  1
 0.33084  0.50835  1
 0.47206  0.20049  1
 0.67229  0.06248  1
 0.37444  0.13677  0
 0.77302  0.68381  0
 0.57579  0.71501  0
 0.43965  0.89789  1
 0.53982  0.85964  1
 0.04513  0.57541  1
 0.18813  0.95963  1
 0.72069  0.52519  0
 0.43127  0.30975  0
 0.94632  0.39240  1
 0.17185  0.34009  0
 0.80697  0.06528  1
 0.14983  0.15925  0
 0.52973  0.82307  0
 0.24525  0.85602  1
 0.62718  0.43155  1
 0.59595  0.97554  1
 0.01924  0.24750  1
 0.15066  0.27131  0
 0.95082  0.27326  1
 0.57565  0.67567  0
 0.05080  0.38235  1
 0.72088  0.30191  1
 0.15127  0.14917  0
 0.67004  0.15735  1
 0.80611  0.04914  1
 0.95514  0.10698  1
 0.42533  0.73166  0
 0.81927  0.73496  1
 0.89207  0.28562  1
 0.97531  0.87971  1
 0.88374  0.66837  1
 0.80718  0.66165  1
 0.06049  0.10120  1
 0.28421  0.49317  1
 0.40434  0.78877  1
 0.52672  0.56290  0
 0.33029  0.18416  0
 0.11829  0.48390  1
 0.87987  0.92753  1
 0.18223  0.36205  0
 0.76624  0.59154  0
 0.85568  0.46047  1
 0.77217  0.73429  0
 0.73006  0.91256  1
 0.08947  0.49643  1
 0.52807  0.66741  0
 0.54589  0.52936  0
 0.31316  0.91953  1
 0.74377  0.80100  1
 0.46296  0.26034  1
 0.34160  0.31744  0
 0.05451  0.24669  0
 0.95025  0.40014  1
 0.58051  0.82299  0
 0.83303  0.14573  1
 0.25962  0.32762  0
 0.42926  0.41331  1
 0.10589  0.02169  1
 0.38400  0.97800  1
 0.38054  0.53013  1
 0.32743  0.59440  1
 0.74227  0.58038  0
 0.37742  0.09165  1
 0.29737  0.66181  1
 0.17563  0.41012  0
 0.32251  0.37352  0
 0.05374  0.36751  1
 0.71565  0.08458  1
 0.14723  0.09085  0
 0.97208  0.18882  1
 0.98520  0.84828  1
 0.94635  0.82159  1
 0.56516  0.66134  0
 0.42697  0.55525  0
 0.72730  0.36326  1
 0.78830  0.72027  1
 0.69545  0.56125  0
 0.17404  0.80882  1
 0.62081  0.74024  0
 0.79452  0.04567  1
 0.49398  0.48214  0
 0.65538  0.97291  1
 0.29801  0.36477  0
 0.85315  0.08216  1
 0.25229  0.11184  0
 0.19706  0.11265  0
 0.50779  0.55803  0
 0.92092  0.34994  1
 0.30097  0.14906  0
 0.78368  0.80508  1
 0.71101  0.52786  0
 0.40231  0.37767  0
 0.20961  0.21256  0
 0.96853  0.86612  1
 0.67536  0.04517  1
 0.95191  0.40689  1
 0.08751  0.17814  0
 0.83666  0.67248  1
 0.36137  0.40721  0
 0.31095  0.63072  1
 0.72799  0.53878  0
 0.32202  0.92559  1
 0.50553  0.07827  1
 0.51376  0.65319  0
 0.52571  0.56943  0
 0.19022  0.17269  0
 0.30147  0.95918  1
 0.37114  0.21875  0
 0.73880  0.90479  1
 0.55215  0.96676  1
 0.64421  0.87922  1
 0.38048  0.11066  0
 0.36517  0.23282  0
 0.96299  0.36582  1
 0.43299  0.70875  0
 0.97012  0.02056  1
 0.12803  0.25265  0
 0.32126  0.99360  1
 0.00770  0.86908  1
 0.54889  0.69504  0
 0.08015  0.79641  1
 0.20866  0.43755  0
 0.54269  0.38036  1
 0.41645  0.24058  0
 0.33837  0.35208  0
 0.81125  0.35419  1
 0.82254  0.17531  1
 0.86723  0.96453  1
 0.52925  0.65714  0
 0.30885  0.40382  0
 0.69683  0.53636  0
 0.84556  0.09407  1
 0.90836  0.81810  1
 0.40454  0.88399  1
 0.32357  0.89835  1
 0.60273  0.97986  1
 0.04908  0.68545  1
 0.66142  0.15984  1
 0.44615  0.13809  1
 0.74068  0.14926  1
 0.08713  0.59805  1
 0.74100  0.72341  0
 0.74461  0.59427  0
 0.59030  0.43566  1
 0.75345  0.29521  1
 0.22764  0.01823  1
 0.54066  0.46123  0
 0.18161  0.12467  0
 0.24981  0.39904  0
 0.50332  0.81824  0
 0.58427  0.49936  0
 0.78448  0.24814  1
 0.19525  0.10849  0
 0.04337  0.45462  1
 0.06795  0.17973  0
 0.59542  0.77672  0
 0.52854  0.59175  0
 0.00176  0.32971  1
 0.70332  0.58114  0
 0.16640  0.00129  1
 0.32161  0.11661  0
 0.60840  0.02013  1
 0.56304  0.63824  0
 0.12749  0.63242  1
 0.50093  0.71909  0
 0.03509  0.00739  1
 0.53305  0.27821  1
 0.49364  0.24699  1
 0.98717  0.07546  1
 0.97513  0.53388  1
 0.51057  0.82389  0
 0.50331  0.28917  1
 0.86319  0.09762  1
 0.81368  0.28658  1
 0.44987  0.49541  1
 0.67318  0.30164  1
 0.34603  0.06741  1
 0.23028  0.76947  1
 0.99965  0.44251  1
 0.11184  0.31055  0
 0.75054  0.53576  0
 0.98028  0.41817  1
 0.24398  0.65445  1
 0.57586  0.25867  1
 0.08826  0.96615  1
 0.10216  0.65886  1
 0.26372  0.24990  0
 0.79474  0.49416  1
 0.42992  0.64878  0
 0.35257  0.00863  1
 0.16700  0.42353  0
 0.64673  0.33287  1
 0.13964  0.71695  1
 0.07886  0.45460  1
 0.20520  0.23420  0
 0.15981  0.10385  0
 0.73109  0.30555  1
 0.06059  0.42527  1
 0.59730  0.59830  0
 0.16687  0.36345  0
 0.86528  0.17898  1
 0.06870  0.52084  1
 0.41427  0.35871  0
 0.42522  0.72689  0
 0.91847  0.35307  1
 0.39370  0.81147  1
 0.52708  0.76223  0
 0.24464  0.23740  0
 0.31675  0.45492  1
 0.78793  0.60118  0
 0.32555  0.53502  1
 0.40478  0.79426  1
 0.15898  0.22048  0
 0.60049  0.93769  1
 0.12550  0.62201  1
 0.87627  0.14492  1
 0.67141  0.53611  0
 0.87749  0.32061  1
 0.46887  0.73703  0
 0.41441  0.25749  0
 0.93756  0.12751  1
 0.83050  0.55980  1
 0.96443  0.90116  1
 0.83990  0.31566  1
 0.74562  0.38140  1
 0.98479  0.20462  1
 0.11063  0.34513  0
 0.80486  0.11696  1
 0.52574  0.91677  1
 0.86905  0.06458  1
 0.90776  0.59517  1
 0.63429  0.83169  0
 0.34147  0.06869  1
 0.51872  0.60559  0
 0.40728  0.40912  1
 0.58294  0.32071  1
 0.44450  0.89091  1
 0.93009  0.14759  1
 0.97192  0.84875  1
 0.92810  0.72415  1
 0.66055  0.00975  1
 0.79649  0.04122  1
 0.71788  0.45415  1
 0.58901  0.18641  1
 0.22964  0.42459  0
 0.35531  0.93392  1
 0.44627  0.42487  1
 0.51902  0.21261  1
 0.82964  0.94870  1
 0.20759  0.13007  0
 0.73149  0.88166  1
 0.47515  0.19874  1
 0.55654  0.62774  0
 0.61023  0.02237  1
 0.23456  0.33777  0
 0.96766  0.87222  1
 0.54552  0.55983  0
 0.74603  0.32874  1
 0.51352  0.05560  1
 0.19361  0.80524  1
 0.60527  0.87621  1
 0.54256  0.74523  0
 0.69539  0.02774  1
 0.59888  0.45455  0
 0.42172  0.93220  1
 0.12035  0.59131  1
 0.94071  0.45164  1
 0.88139  0.75997  1
 0.25074  0.81364  1
 0.29846  0.01817  1
 0.27553  0.38428  0
 0.53924  0.08006  1
 0.60788  0.53684  0
 0.76224  0.08522  1
 0.19307  0.38429  0
 0.54136  0.83804  0
 0.66553  0.06007  1
 0.54497  0.83606  0
 0.38470  0.34891  0
 0.29892  0.47173  1
 0.12407  0.47805  1
 0.18184  0.38255  0
 0.75955  0.67969  0
 0.47808  0.81173  1
 0.20896  0.44501  0
 0.85036  0.15557  1
 0.12041  0.64113  1
 0.88860  0.64772  1
 0.82938  0.99000  1
 0.16733  0.24154  0
 0.80519  0.88508  1
 0.17442  0.21321  0
 0.62527  0.84609  0
 0.75464  0.30542  1
 0.28298  0.72651  1
 0.28330  0.38207  0
 0.58278  0.18338  1
 0.71390  0.95162  1
 0.16401  0.14190  0
 0.09798  0.99581  1
 0.15662  0.79989  1
 0.63041  0.91783  1
 0.15102  0.51759  1
 0.47906  0.09458  1
 0.96895  0.25340  1
 0.80793  0.43850  1
 0.68788  0.82574  0
 0.09182  0.99810  1
 0.00575  0.91922  1
 0.85472  0.26680  1
 0.47943  0.48305  1
 0.07027  0.98659  1
 0.32714  0.84586  1
 0.29753  0.26180  0
 0.40906  0.24996  0
 0.12181  0.26575  0
 0.16365  0.99423  1
 0.09725  0.38941  1
 0.98967  0.44413  1
 0.23664  0.09658  0
 0.13657  0.85828  1
 0.35435  0.69267  1
 0.67008  0.73297  0
 0.53346  0.84808  1
 0.05270  0.80700  1
 0.25391  0.97522  1
 0.35747  0.21697  0
 0.50680  0.56747  0
 0.43089  0.29481  0
 0.79097  0.92575  1
 0.23387  0.62620  1
 0.45994  0.76203  0
 0.60360  0.68045  0
 0.25156  0.67673  1
 0.07452  0.81766  1
 0.58551  0.85313  1
 0.26128  0.38630  0
 0.53039  0.86185  1
 0.85180  0.80526  1
 0.59035  0.04315  1
 0.01800  0.06875  1
 0.14571  0.23518  0
 0.20287  0.95463  1
 0.34151  0.18710  0
 0.12207  0.93273  1
 0.99876  0.86584  1
 0.36886  0.62337  1
 0.61297  0.60563  0
 0.60884  0.70972  0
 0.38319  0.14788  0
 0.13152  0.06088  1
 0.39602  0.12786  0
 0.57735  0.96946  1
 0.50562  0.40591  1
 0.50734  0.88721  1
 0.06032  0.94953  1
 0.48816  0.20304  1
 0.85560  0.08673  1
 0.99592  0.83524  1
 0.14157  0.38690  0
 0.45747  0.72885  0
 0.55839  0.28699  1
 0.97244  0.91435  1
 0.22987  0.56279  1
 0.29890  0.06462  0
 0.39485  0.28723  0
 0.90789  0.29335  1
 0.33483  0.27560  0
 0.05995  0.53488  1
 0.10345  0.45723  1
 0.72244  0.78280  0
 0.00485  0.34313  1
 0.04631  0.18321  1
 0.28135  0.57645  1
 0.43455  0.76643  1
 0.35481  0.32878  0
 0.14626  0.20971  0
 0.78866  0.18960  1
 0.61987  0.72435  0
 0.45006  0.30409  1
 0.63906  0.31333  1
 0.39167  0.55421  1
 0.40323  0.79957  1
 0.33382  0.16910  0
 0.01460  0.26515  1
 0.14564  0.45272  1
 0.86734  0.61860  1
 0.36235  0.07598  1
 0.95653  0.00571  1
 0.90704  0.61192  1
 0.84500  0.70482  1
 0.17847  0.61915  1
 0.62237  0.47293  0
 0.54380  0.72685  0
 0.87798  0.47907  1
 0.10849  0.66512  1
 0.49878  0.87883  1
 0.29746  0.78782  1
 0.48198  0.20558  1
 0.50158  0.78126  0
 0.91259  0.99063  1
 0.74637  0.01181  1
 0.71230  0.76973  0
 0.14008  0.27349  0
 0.56145  0.91605  1
 0.25135  0.34652  0
 0.34718  0.26398  0
 0.56803  0.64401  0
 0.94145  0.23237  1
 0.20189  0.39555  0
 0.29972  0.40142  0
 0.07983  0.11573  1
 0.97498  0.46800  1
 0.21858  0.32651  0
 0.08215  0.30796  0
 0.57751  0.86545  1
 0.71639  0.61363  0
 0.14910  0.20820  0
 0.61068  0.30455  1
 0.74188  0.55541  0
 0.52014  0.64769  0
 0.06764  0.83578  1
 0.50188  0.21829  1
 0.39583  0.78554  1
 0.53412  0.60113  0
 0.16490  0.40706  0
 0.61418  0.27126  1
 0.33782  0.98980  1
 0.90915  0.35031  1
 0.21401  0.41255  0
 0.58210  0.53290  0
 0.77066  0.33564  1
 0.27347  0.83975  1
 0.26833  0.44784  0
 0.10062  0.64442  1
 0.24096  0.16067  0
 0.61272  0.06911  1
 0.61606  0.88443  1
 0.77330  0.27265  1
 0.55404  0.17124  1
 0.23749  0.10139  0
 0.49846  0.80820  0
 0.33624  0.15657  0
 0.71904  0.95135  1
 0.35165  0.61286  1
 0.88539  0.61482  1
 0.96168  0.10739  1
 0.98418  0.37830  1
 0.89704  0.54287  1
 0.90163  0.81369  1
 0.77039  0.09336  1
 0.14893  0.97097  1
 0.20610  0.04792  1
 0.29092  0.20458  0
 0.62830  0.61672  0
 0.30937  0.12936  0
 0.30380  0.49113  1
 0.02167  0.68853  1
 0.07676  0.98704  1
 0.00330  0.34018  1
 0.59755  0.60123  0
 0.04611  0.31169  1
 0.09759  0.18971  0
 0.10489  0.23742  0
 0.93579  0.06295  1
 0.76991  0.61937  0
 0.82118  0.34092  1
 0.12346  0.31323  0
 0.98205  0.85223  1
 0.97459  0.23076  1
 0.11600  0.53047  1
 0.53817  0.30301  1
 0.08733  0.79838  1
 0.66852  0.92816  1
 0.61407  0.78173  0
 0.30198  0.79996  1
 0.19631  0.21452  0
 0.03646  0.82203  1
 0.36605  0.20508  0
 0.31707  0.08077  0
 0.54424  0.15924  1
 0.26369  0.32320  0
 0.11309  0.40409  1
 0.15164  0.56826  1
 0.98482  0.61566  1
 0.59983  0.62532  0
 0.52570  0.78399  0
 0.18572  0.44004  1
 0.29335  0.02901  1
 0.27125  0.28162  0
 0.26778  0.36245  0
 0.15069  0.04594  1
 0.26992  0.11776  0
 0.46083  0.39916  1
 0.77832  0.87534  1
 0.40414  0.42335  1
 0.13906  0.59195  1
 0.18737  0.72222  1
 0.33366  0.00254  1
 0.02483  0.98949  1
 0.31899  0.30482  0
 0.35429  0.89587  1
 0.92914  0.98868  1
 0.11516  0.30597  0
 0.27679  0.01374  1
 0.75687  0.15303  1
 0.35438  0.13822  0
 0.08007  0.55686  1
 0.71152  0.89174  1
 0.53246  0.71984  0
 0.00430  0.61683  1
 0.32679  0.06701  0
 0.11760  0.11755  0
 0.68573  0.31096  1
 0.13324  0.02499  1
 0.83357  0.68979  1
 0.28198  0.06884  0
 0.93279  0.64414  1
 0.05931  0.99302  1
 0.15560  0.24284  0
 0.72000  0.54561  0
 0.16120  0.17035  0
 0.32703  0.32469  0
 0.11899  0.26372  0
 0.46043  0.06286  1
 0.57833  0.58648  0
 0.41106  0.53747  1
 0.12095  0.08621  1
 0.66266  0.24439  1
 0.32187  0.34876  0
 0.50333  0.80104  0
 0.05817  0.28994  0
 0.76897  0.22128  1
 0.46649  0.27674  1
 0.42021  0.29844  0
 0.19903  0.06263  0
 0.66601  0.25740  1
 0.44956  0.20877  1
 0.33391  0.13408  0
 0.68935  0.05605  1
 0.09618  0.21173  0
 0.91214  0.30260  1
 0.31018  0.30128  0
 0.27320  0.91497  1
 0.61482  0.43625  1
 0.09146  0.33142  0
 0.71672  0.08271  1
 0.62936  0.67866  0
 0.65905  0.62834  0
 0.96990  0.36096  1
 0.42816  0.04960  1
 0.45933  0.81513  1
 0.43317  0.97767  1
 0.20912  0.12037  0
 0.76324  0.84848  1
 0.62122  0.04513  1
 0.14665  0.33923  0
 0.58122  0.69942  0
 0.47292  0.64781  0
 0.76186  0.58053  0
 0.47709  0.05203  1
 0.63700  0.96220  1
 0.05568  0.95219  1
 0.28610  0.12789  0
 0.35256  0.40878  0
 0.19857  0.30116  0
 0.39178  0.84832  1
 0.10898  0.38817  0
 0.23997  0.03973  1
 0.44362  0.33417  1
 0.51633  0.78086  0
 0.57024  0.96267  1
 0.33499  0.23830  0
 0.15857  0.56704  1
 0.40795  0.01734  1
 0.15001  0.43600  1
 0.47937  0.88508  1
 0.53747  0.67402  0
 0.18685  0.43277  0
 0.01969  0.20459  1
 0.03972  0.83469  1
 0.83581  0.82109  1
 0.03683  0.09942  1
 0.73659  0.99799  1
 0.22021  0.34661  0
 0.47049  0.75934  0
 0.00238  0.60875  1
 0.53253  0.22630  1
 0.51650  0.10776  1
 0.37169  0.74134  1
 0.06426  0.29192  0
 0.30865  0.26482  0
 0.52777  0.68643  0
 0.50377  0.12229  1
 0.21649  0.43249  0
 0.57543  0.56241  0
 0.02257  0.26846  1
 0.43438  0.90070  1
 0.80610  0.63609  1
 0.12900  0.09852  0
 0.18766  0.52652  1
 0.91735  0.33968  1
 0.17950  0.24546  0
 0.77654  0.69935  0
 0.90698  0.84043  1
 0.34950  0.10092  0
 0.82087  0.53979  1
 0.26609  0.80372  1
 0.27025  0.86882  1
 0.59077  0.15691  1
 0.07400  0.88020  1
 0.86841  0.19813  1
 0.17393  0.56435  1
 0.83121  0.51534  1
 0.04961  0.22933  1
 0.88211  0.27174  1
 0.54370  0.68187  0
 0.92403  0.52390  1
 0.21841  0.20625  0
 0.48546  0.70414  0
 0.28842  0.74568  1
 0.62840  0.64638  0
 0.81596  0.52496  1
 0.36821  0.23211  0
 0.93567  0.17060  1
 0.27759  0.69520  1
 0.20708  0.16638  0
 0.84291  0.34853  1
 0.72090  0.62836  0
 0.58612  0.26611  1
 0.95727  0.30856  1
 0.51813  0.47435  0
 0.33037  0.49578  1
 0.51072  0.53572  0
 0.30353  0.81849  1
 0.68711  0.40582  1
 0.78991  0.64306  0
 0.93631  0.60154  1
 0.11691  0.47264  1
 0.29803  0.58514  1
 0.15800  0.60245  1
 0.27963  0.77052  1
 0.80463  0.94860  1
 0.87756  0.03220  1
 0.07816  0.42719  1
 0.52989  0.74537  0
 0.56612  0.51824  0
 0.17299  0.28474  0
 0.29979  0.60938  1
 0.10024  0.84541  1
 0.30239  0.37444  0
 0.74548  0.54443  0
 0.59617  0.48828  0
 0.73037  0.30278  1
 0.96166  0.01855  1
 0.27235  0.24955  0
 0.61430  0.69973  0
 0.40984  0.41860  1
 0.57216  0.40363  1
 0.32946  0.43533  1
 0.17875  0.60910  1
 0.06737  0.56886  1
 0.37095  0.23318  0
 0.74286  0.31846  1
 0.59448  0.28262  1
 0.83982  0.35483  1
 0.03846  0.30789  1
 0.40586  0.03011  1
 0.61187  0.35585  1
 0.17431  0.31482  0
 0.17201  0.58546  1
 0.91325  0.72469  1
 0.49851  0.16251  1
 0.97465  0.13962  1
 0.75763  0.43522  1
 0.63386  0.82044  0
 0.42689  0.98400  1
 0.31180  0.29401  0
 0.96918  0.66609  1
 0.45592  0.56120  0
 0.19500  0.13094  0
 0.55331  0.48246  0
 0.05699  0.06882  1
 0.41031  0.65608  0
 0.86185  0.93733  1
 0.84347  0.14381  1
 0.15584  0.71370  1
 0.35093  0.29839  0
 0.83629  0.09684  1
 0.91126  0.41863  1
 0.32005  0.92733  1
 0.44159  0.37576  1
 0.18739  0.81310  1
 0.09168  0.35907  0
 0.63019  0.87409  1
 0.98166  0.44355  1
 0.86632  0.20668  1
 0.38185  0.96503  1
 0.87689  0.29057  1
 0.59604  0.74369  0
 0.42924  0.73826  0
 0.49591  0.05712  1
 0.30334  0.26141  0
 0.91214  0.63736  1
 0.95533  0.02448  1
 0.89313  0.63380  1
 0.79610  0.26192  1
 0.91671  0.47950  1
 0.42188  0.65622  0
 0.33807  0.70093  1
 0.09630  0.68264  1
 0.59098  0.98437  1
 0.29110  0.09635  0
 0.30590  0.51447  1
 0.68635  0.59545  0
 0.39019  0.40530  1
 0.84736  0.60395  1
 0.64863  0.72718  0
 0.65011  0.42386  1
 0.94674  0.46006  1
 0.43380  0.57637  0
 0.44900  0.28575  1
 0.08220  0.17009  0
 0.82809  0.89931  1
 0.57975  0.41476  1
 0.68780  0.74626  0
 0.98528  0.55453  1
 0.69329  0.09074  1
 0.44242  0.65428  0
 0.43080  0.69176  0
 0.13136  0.90571  1
 0.19049  0.03657  1
 0.47170  0.52174  0
 0.19483  0.09064  0
 0.37062  0.42158  1
 0.85179  0.59354  1
 0.68532  0.62905  0
 0.37278  0.20640  0
 0.13503  0.99715  1
 0.50140  0.95653  1
 0.57715  0.39361  1
 0.04643  0.35581  1
 0.50924  0.72934  0
 0.12395  0.20697  0
 0.11779  0.18283  0
 0.64948  0.77860  0
 0.16120  0.37937  0
 0.68107  0.24481  1
 0.27425  0.42915  0
 0.16503  0.23389  0
 0.26229  0.42902  0
 0.30484  0.97271  1
 0.78132  0.68021  0
 0.59114  0.63812  0
 0.25612  0.04590  1
 0.52711  0.21941  1
 0.93952  0.35411  1
 0.37631  0.14533  0
 0.02194  0.04133  1
 0.53548  0.03382  1
 0.35150  0.02836  1
 0.25593  0.66414  1
 0.50796  0.75438  0
 0.62743  0.25963  1
 0.19944  0.32587  0
 0.45458  0.72114  0
 0.85917  0.84974  1
 0.68410  0.51740  0
 0.43481  0.75079  0
 0.42602  0.74464  0
 0.56627  0.45407  0
 0.56062  0.60537  0
 0.60316  0.27865  1
 0.01328  0.57722  1
 0.36666  0.29206  0
 0.52922  0.60349  0
 0.64957  0.52710  0
 0.10699  0.56122  1
 0.34095  0.88561  1
 0.76735  0.21886  1
 0.43556  0.75787  0
 0.46513  0.96956  1
 0.98648  0.48616  1
 0.62299  0.55254  0
 0.84954  0.10950  1
 0.39890  0.21291  0
 0.15839  0.48625  1
 0.38213  0.21292  0
 0.94157  0.21602  1
 0.21617  0.06831  0
 0.62020  0.33748  1
 0.89524  0.64356  1
 0.78952  0.52414  1
 0.87701  0.58094  1
 0.32917  0.60465  1
 0.41930  0.53855  1
 0.66249  0.70082  0
 0.82262  0.92432  1
 0.76698  0.75337  0
 0.87928  0.92264  1
 0.41267  0.13386  0
 0.14380  0.87241  1
 0.68777  0.55938  0
 0.66436  0.80765  0
 0.04712  0.51754  1
 0.43739  0.63044  0
 0.85559  0.42595  1
 0.06771  0.12449  1
 0.23618  0.44350  0
 0.74282  0.74432  0
 0.18161  0.31632  0
 0.70835  0.16896  1
 0.54526  0.11938  1
 0.64590  0.55389  0
 0.97636  0.44652  1
 0.24181  0.34519  0
 0.51932  0.77596  0
 0.68858  0.67681  0
 0.41119  0.73300  1
 0.50482  0.74399  0
 0.35088  0.21094  0
 0.97014  0.53286  1
 0.90077  0.88959  1
 0.31007  0.28949  0
 0.28269  0.19834  0
 0.90215  0.26538  1
 0.69852  0.85802  1
 0.57545  0.03613  1
 0.78371  0.69222  0
 0.81026  0.26491  1
 0.28105  0.62253  1
 0.16210  0.20641  0
 0.68500  0.68911  0
 0.26425  0.05881  0
 0.57564  0.63266  0
 0.43298  0.07384  1
 0.62985  0.82192  0
 0.81869  0.24458  1
 0.61106  0.12081  1
 0.32351  0.11443  0
 0.58239  0.59906  0
 0.21126  0.28884  0
 0.78773  0.50679  1
 0.00817  0.75033  1
 0.59099  0.80265  0
 0.57559  0.33630  1
 0.79759  0.89586  1
 0.25050  0.25173  0
 0.83597  0.72636  1
 0.77457  0.20634  1
 0.68637  0.94940  1
 0.42324  0.76128  1
 0.19505  0.36930  0
 0.04841  0.47611  1
 0.12075  0.58472  1
 0.43826  0.59488  0
 0.79680  0.81698  1
 0.46152  0.03754  1
 0.95838  0.59404  1
 0.48317  0.33106  1
 0.56732  0.78187  0
 0.26847  0.35821  0
 0.92327  0.52693  1
 0.43835  0.22652  0
 0.70066  0.60012  0
 0.23846  0.64768  1
 0.38154  0.35609  0
 0.61565  0.11898  1
 0.12915  0.03840  1
 0.39362  0.60585  1
 0.42013  0.57715  0
 0.02320  0.85946  1
 0.56897  0.88994  1
 0.95697  0.36470  1
 0.32981  0.27978  0
 0.56636  0.78074  0
 0.17048  0.33695  0
 0.08225  0.73371  1
 0.30326  0.10551  0
 0.27606  0.82126  1
 0.74495  0.93651  1
 0.43728  0.45480  1
 0.29145  0.61618  1
 0.23792  0.66439  1
 0.05644  0.72874  1
 0.20934  0.28458  0
 0.19028  0.10414  0
 0.74690  0.72071  0
 0.09691  0.40157  1
 0.41284  0.00063  1
 0.93791  0.14241  1
 0.72252  0.22444  1
 0.77926  0.88064  1
 0.16643  0.80645  1
 0.71526  0.97144  1
 0.86243  0.63171  1
 0.41019  0.84081  1
 0.53884  0.16388  1
 0.76066  0.21481  1
 0.22951  0.29756  0
 0.03613  0.94677  1
 0.40126  0.62978  0
 0.23876  0.25199  0
 0.15808  0.06580  1
 0.73937  0.04272  1
 0.27938  0.78877  1
 0.27665  0.95178  1
 0.63738  0.19479  1
 0.33968  0.63115  1
 0.71215  0.08196  1
 0.20967  0.73160  1
 0.15318  0.97082  1
 0.60817  0.52830  0
 0.56855  0.61053  0
 0.62618  0.01311  1
 0.22139  0.35292  0
 0.16301  0.34462  0
 0.50430  0.89207  1
 0.93124  0.82701  1
 0.42852  0.58878  0
 0.73726  0.52426  0
 0.65118  0.55638  0
 0.43632  0.19373  0
 0.59066  0.34622  1
 0.64873  0.23545  1
 0.16196  0.20213  0
 0.69288  0.63161  0
 0.33905  0.99218  1
 0.81338  0.83984  1
 0.64755  0.78045  0
 0.26065  0.89865  1
 0.59063  0.75118  0
 0.52279  0.90979  1
 0.50936  0.67086  0
 0.98994  0.08500  1
 0.40684  0.33038  0
 0.34058  0.57918  1
 0.18669  0.68284  1
 0.53956  0.65741  0
 0.50524  0.69797  0
 0.20182  0.58244  1
 0.34176  0.38625  0
 0.26685  0.72313  1
 0.23273  0.84175  1
 0.45213  0.06094  1
 0.22497  0.62122  1
 0.21256  0.90604  1
 0.11139  0.54583  1
 0.09454  0.56043  1
 0.82604  0.32937  1
 0.24102  0.07950  0
 0.47891  0.82389  1
 0.29319  0.10028  0
 0.53539  0.80769  0
 0.38164  0.00362  1
 0.56580  0.33551  1
 0.94772  0.73625  1
 0.47044  0.88166  1
 0.88668  0.46661  1
 0.24914  0.21158  0
 0.94731  0.89665  1
 0.65308  0.74354  0
 0.67258  0.62760  0
 0.81342  0.61134  1
 0.67973  0.36394  1
 0.64184  0.42705  1
 0.70016  0.69539  0
 0.17677  0.38681  0
 0.87590  0.59402  1
 0.14748  0.37428  0
 0.00794  0.59153  1
 0.11407  0.72537  1
 0.41908  0.26973  0
 0.47288  0.56446  0
 0.01389  0.93020  1
 0.97023  0.73336  1
 0.04498  0.25919  1
 0.19969  0.74636  1
 0.54802  0.48658  0
 0.05250  0.74430  1
 0.60331  0.43958  1
 0.20887  0.14866  0
 0.46862  0.35354  1
 0.68268  0.48782  0
 0.10806  0.91519  1
 0.72668  0.81659  1
 0.91976  0.51880  1
 0.14482  0.53201  1
 0.47240  0.01644  1
 0.78332  0.56198  1
 0.03631  0.56794  1
 0.78925  0.88819  1
 0.50073  0.47998  0
 0.40027  0.26394  0
 0.56236  0.13500  1
 0.01474  0.45086  1
 0.24698  0.54824  1
 0.78103  0.14802  1
 0.56240  0.13097  1
 0.14668  0.27853  0
 0.74670  0.68982  0
 0.19764  0.91572  1
 0.50805  0.64395  0
 0.26871  0.49733  1
 0.95970  0.77334  1
 0.95877  0.37493  1
 0.22636  0.27694  0
 0.10251  0.65602  1
 0.87818  0.88415  1
 0.20444  0.27963  0
 0.29763  0.90397  1
 0.28230  0.40574  0
 0.75882  0.81492  1
 0.91877  0.67862  1
 0.86116  0.22198  1
 0.53185  0.69137  0
 0.79237  0.65854  0
 0.13482  0.90003  1
 0.19076  0.23197  0
 0.26557  0.97571  1
 0.04405  0.72582  1
 0.03613  0.88711  1
 0.64159  0.66925  0
 0.61814  0.57577  0
 0.35129  0.11179  0
 0.16301  0.21316  0
 0.52810  0.74598  0
 0.80862  0.83127  1
 0.56602  0.70641  0
 0.43259  0.90220  1
 0.20584  0.42882  0
 0.17116  0.87526  1
 0.01558  0.43094  1
 0.40632  0.06881  1
 0.48247  0.19354  1
 0.66524  0.52310  0
 0.09597  0.57415  1
 0.71110  0.64020  0
 0.17705  0.80068  1
 0.69275  0.68684  0
 0.53591  0.56615  0
 0.21542  0.30470  0
 0.96496  0.01241  1
 0.76322  0.42401  1
 0.38263  0.29094  0
 0.74115  0.65362  0
 0.76291  0.91671  1
 0.46337  0.39223  1
 0.96890  0.43301  1
 0.54816  0.69869  0
 0.31019  0.55813  1
 0.16597  0.32798  0
 0.14103  0.33555  0
 0.20386  0.80324  1
 0.12527  0.25268  0
 0.68214  0.92626  1
 0.98372  0.56330  1
 0.45350  0.14012  1
 0.57573  0.94020  1
 0.64616  0.48950  0
 0.07512  0.49057  1
 0.49319  0.23309  1
 0.65956  0.81489  0
 0.42278  0.84194  1
 0.95050  0.21896  1
 0.54793  0.50732  0
 0.32408  0.39876  0
 0.86899  0.62715  1
 0.94620  0.15190  1
 0.69907  0.79286  0
 0.46536  0.19005  1
 0.64513  0.82126  0
 0.57712  0.64980  0
 0.58846  0.62723  0
 0.73567  0.12282  1
 0.72269  0.30247  1
 0.74480  0.72422  0
 0.33611  0.43736  1
 0.23827  0.23693  0
 0.44426  0.81723  1
 0.49344  0.71255  0
 0.63858  0.21420  1
 0.78254  0.65880  0
 0.36455  0.11084  0
 0.39969  0.73454  1
 0.98846  0.66704  1
 0.38238  0.13913  0
 0.11628  0.53580  1
 0.65019  0.73199  0
 0.71982  0.92113  1
 0.88382  0.66378  1
 0.29802  0.20593  0
 0.45347  0.76571  0
 0.70986  0.72092  0
 0.81595  0.28934  1
 0.86836  0.59424  1
 0.00981  0.10622  1
 0.61461  0.66197  0
 0.42000  0.33164  0
 0.53855  0.69845  0
 0.53595  0.91550  1
 0.14094  0.14555  0
 0.22729  0.19442  0
 0.25176  0.08303  0
 0.75461  0.73750  0
 0.16285  0.56406  1
 0.16973  0.52389  1
 0.31422  0.09297  0
 0.33640  0.62598  1
 0.22132  0.00128  1
 0.60742  0.11262  1
 0.57231  0.58432  0
 0.10609  0.29558  0
 0.46997  0.75124  0
 0.40556  0.57252  1
 0.78961  0.32813  1
 0.08585  0.51682  1
 0.37680  0.20629  0
 0.71189  0.35597  1
 0.70523  0.05626  1
 0.19111  0.36007  0
 0.35005  0.23557  0
 0.68232  0.10596  1
 0.73260  0.47111  1
 0.52268  0.20765  1
 0.18718  0.52042  1
 0.64318  0.58452  0
 0.82785  0.14193  1
 0.71183  0.09925  1
 0.58131  0.09164  1
 0.67558  0.80604  0
 0.98516  0.94342  1
 0.43996  0.88404  1
 0.93374  0.81958  1
 0.71969  0.55534  0
 0.06361  0.04389  1
 0.20996  0.12741  0
 0.53036  0.68619  0
 0.37797  0.26606  0
 0.85503  0.91391  1
 0.95842  0.94805  1
 0.69551  0.42038  1
 0.40312  0.17682  0
 0.65940  0.74575  0
 0.74437  0.26517  1
 0.17613  0.52808  1
 0.10879  0.06346  1
 0.91109  0.86590  1
 0.07235  0.79354  1
 0.09548  0.87566  1
 0.44139  0.69652  0
 0.16143  0.87334  1
 0.53349  0.73726  0
 0.60806  0.98187  1
 0.92773  0.16779  1
 0.34527  0.58718  1
 0.58904  0.66875  0
 0.86811  0.01059  1
 0.12656  0.27027  0
 0.80484  0.48148  1
 0.13921  0.52179  1
 0.60462  0.31421  1
 0.25884  0.12763  0
 0.49735  0.59497  0
 0.83361  0.61943  1
 0.78109  0.62321  0
 0.21543  0.97782  1
 0.74922  0.62911  0
 0.75121  0.95884  1
 0.41815  0.70630  0
 0.09932  0.11871  0
 0.51917  0.74123  0
 0.10318  0.74217  1
 0.75403  0.63936  0
 0.93924  0.70728  1
 0.22819  0.02695  1
 0.30848  0.18600  0
 0.16446  0.87665  1
 0.91024  0.25367  1
 0.50566  0.42452  1
 0.70120  0.87648  1
 0.63835  0.65269  0
 0.63270  0.54117  0
 0.74932  0.77994  0
 0.99921  0.40838  1
 0.29340  0.18630  0
 0.28073  0.08185  0
 0.47663  0.43080  1
 0.35871  0.58321  1
 0.45139  0.59442  0
 0.49069  0.03202  1
 0.49454  0.57655  0
 0.68608  0.59192  0
 0.26309  0.11408  0
 0.25625  0.38674  0
 0.42143  0.21047  0
 0.60076  0.22596  1
 0.08258  0.47055  1
 0.89550  0.03538  1
 0.60017  0.69835  0
 0.13805  0.25399  0
 0.71594  0.51042  0
 0.16430  0.02241  1
 0.36588  0.86304  1
 0.75096  0.53045  0
 0.47645  0.75966  0
 0.28873  0.16225  0
 0.63360  0.92674  1
 0.70943  0.40468  1
 0.61595  0.81607  0
 0.57130  0.20079  1
 0.24991  0.62364  1
 0.20569  0.34838  0
 0.43286  0.23005  0
 0.32336  0.09590  0
 0.39652  0.06149  1
 0.22079  0.74292  1
 0.85107  0.23232  1
 0.47155  0.52751  0
 0.36160  0.39659  0
 0.74865  0.33652  1
 0.90552  0.79528  1
 0.23477  0.22108  0
 0.26435  0.58520  1
 0.74150  0.23922  1
 0.04254  0.15463  1
 0.51253  0.92291  1
 0.43713  0.58244  0
 0.78263  0.38181  1
 0.62713  0.77273  0
 0.67266  0.92736  1
 0.31299  0.24275  0
 0.21653  0.51344  1
 0.28715  0.97884  1
 0.24218  0.12003  0
 0.61395  0.51496  0
 0.73803  0.69127  0
 0.04255  0.74605  1
 0.17376  0.37590  0
 0.81105  0.82029  1
 0.12188  0.11111  0
 0.93516  0.96599  1
 0.17292  0.23316  0
 0.09992  0.95284  1
 0.31903  0.27492  0
 0.39928  0.18211  0
 0.08480  0.59538  1
 0.86473  0.60309  1
 0.24066  0.13766  0
 0.13474  0.66958  1
 0.10518  0.80546  1
 0.94930  0.20393  1
 0.10470  0.25993  0
 0.15789  0.77314  1
 0.33871  0.38624  0
 0.10749  0.28105  0
 0.84896  0.35329  1
 0.71016  0.79143  0
 0.95741  0.93371  1
 0.72298  0.53542  0
 0.71517  0.01649  1
 0.30419  0.24213  0
 0.77542  0.65006  0
 0.39022  0.50131  1
 0.93137  0.98729  1
 0.97470  0.90517  1
 0.59377  0.62297  0
 0.05165  0.56600  1
 0.54903  0.45794  0
 0.60198  0.66781  0
 0.25962  0.23051  0
 0.66538  0.06019  1
 0.54683  0.52187  0
 0.50101  0.13199  1
 0.89857  0.39279  1
 0.57815  0.28343  1
 0.60014  0.75195  0
 0.78750  0.67961  0
 0.44478  0.76085  0
 0.24015  0.06713  0
 0.73534  0.31655  1
 0.94577  0.45539  1
 0.75083  0.15769  1
 0.09404  0.00628  1
 0.27413  0.46647  1
 0.61954  0.74662  0
 0.43502  0.84271  1
 0.20609  0.90899  1
 0.97083  0.35276  1
 0.72773  0.41321  1
 0.96669  0.55088  1
 0.23818  0.38337  0
 0.40006  0.87816  1
 0.85766  0.29131  1
 0.73807  0.54465  0
 0.90612  0.61045  1
 0.02771  0.94860  1
 0.36879  0.19539  0
 0.78659  0.67386  0
 0.92958  0.95525  1
 0.03164  0.83169  1
 0.10861  0.42955  1
 0.26907  0.02150  1
 0.37407  0.05503  1
 0.36889  0.10141  0
 0.46844  0.36670  1
 0.85055  0.95363  1
 0.22378  0.49678  1
 0.44500  0.19017  1
 0.61864  0.71182  0
 0.93259  0.63304  1
 0.76998  0.95089  1
 0.25030  0.09800  0
 0.66845  0.05685  1
 0.32871  0.13694  0
 0.80784  0.31310  1
 0.28969  0.56734  1
 0.86135  0.14246  1
 0.84972  0.61591  1
 0.02796  0.34710  1
 0.01932  0.41877  1
 0.48866  0.52391  0
 0.90909  0.62504  1
 0.70224  0.62330  0
 0.96983  0.77930  1
 0.26341  0.72586  1
 0.22457  0.78670  1
 0.58710  0.48501  0
 0.93539  0.04639  1
 0.10804  0.73724  1
 0.18103  0.32925  0
 0.30822  0.15488  0
 0.76291  0.19670  1
 0.59415  0.96733  1
 0.99451  0.30170  1
 0.74267  0.15462  1
 0.58067  0.52616  0
 0.76486  0.35969  1
 0.48611  0.67992  0
 0.73215  0.52699  0
 0.45097  0.89445  1
 0.34801  0.39169  0
 0.11646  0.19921  0
 0.16120  0.99996  1
 0.19146  0.42336  0
 0.30093  0.31742  0
 0.34966  0.80088  1
 0.51714  0.89936  1
 0.34438  0.11010  0
 0.30614  0.96401  1
 0.83962  0.78046  1
 0.13584  0.17356  0
 0.51531  0.59022  0
 0.54381  0.76570  0
 0.97088  0.24264  1
 0.23150  0.40960  0
 0.56376  0.35400  1
 0.90535  0.73644  1
 0.63572  0.07089  1
 0.16638  0.52738  1
 0.70475  0.78248  0
 0.39853  0.27174  0
 0.06543  0.71064  1
 0.86092  0.99966  1
 0.41300  0.82328  1
 0.41658  0.72861  0
 0.52104  0.49718  0
 0.81581  0.68169  1
 0.61815  0.58699  0
 0.96602  0.37242  1
